1 0.5545128375 0.581067884375 0.6104236937499999 0.5859602515625 0.6329802531250001 0.5427798671875 0.548528425 0.563612525 0.5545128375 0.581067884375
1 0.681139503125 0.507485534375 0.6829051671874999 0.5302165515625 0.7415636625 0.5466367859375 0.7574533 0.53673818125 0.7566662281250001 0.502804890625 0.681139503125 0.507485534375
1 0.268678615625 0.49962072968750004 0.2881029640625 0.5351832796875 0.34352283125 0.545677225 0.3663770046875 0.5420320296875001 0.37206500781249996 0.5199540515625001 0.268678615625 0.49962072968750004
1 0.237286090625 0.42914440468750004 0.220120246875 0.410710090625 0.1698973953125 0.38373974375 0.142335340625 0.39826096875 0.149595959375 0.44404924531249995 0.21992687187499999 0.4558468578125 0.237286090625 0.42914440468750004
1 0.21756598125 0.354045459375 0.1921575453125 0.30102602031250003 0.15439265468750002 0.30336601875 0.12536101875 0.33469109218750004 0.1522405640625 0.37090700625 0.18205927187499998 0.373515221875 0.21756598125 0.354045459375
1 0.88947035625 0.4015426609375 0.85749835625 0.46647357968750003 0.9007566734375001 0.48719051718750006 0.9558789296875 0.45814927031249997 0.9751987156249999 0.4090413921875 0.88947035625 0.4015426609375
1 0.579415740625 0.42521312499999997 0.568427359375 0.37909893281249996 0.4439543125 0.38514061875 0.44199374531249996 0.40754604375000003 0.4661259765625 0.43223256406250005 0.547636790625 0.44500880625 0.579415740625 0.42521312499999997
1 0.54693853125 0.28126832031250004 0.5493882328125 0.253262521875 0.5257473140625 0.22297289843749998 0.4852363109375 0.2137853546875 0.429133609375 0.254030078125 0.42845110000000003 0.3047672171875 0.506725465625 0.3116144390625 0.54693853125 0.28126832031250004
1 0.47640154843750004 0.10013049843749999 0.40960502343750005 0.13379556875 0.48072300625000003 0.17952647187499998 0.574886684375 0.17647661718750002 0.606368021875 0.11714574687499998 0.47640154843750004 0.10013049843749999
1 0.8063838703125 0.3208995125 0.832667865625 0.2780465734375 0.8045121140625 0.2134977421875 0.7182930921875 0.2115990578125 0.6565023859375 0.2739217609375 0.73085714375 0.3255801578125 0.7793128031250001 0.3298191625 0.8063838703125 0.3208995125
1 0.167337615625 0 0.1821320078125 0.029231928125 0.2579563453125 0.064086475 0.2661986140625 0.098673128125 0.2848358921875 0.1003023890625 0.354288196875 0 0.167337615625 0