1 0.6443293375 0.538471340625 0.564818353125 0.567185246875 0.57237679375 0.5834495609375 0.6269137984375 0.5824976140625 0.6443293375 0.538471340625
1 0.6913094640625 0.5212550515625 0.7496725750000001 0.531166109375 0.76402495 0.5199857984375 0.7598173453125 0.48726674843750006 0.687292609375 0.49946402343749996 0.6913094640625 0.5212550515625
1 0.31021644843749996 0.56616444375 0.364848815625 0.570675728125 0.38656888125 0.5648317078125 0.38982279375 0.54291376875 0.2878303640625 0.5337627 0.31021644843749996 0.56616444375
1 0.250327425 0.468833890625 0.231861271875 0.45275997187500006 0.18057974062499998 0.43179395156249994 0.155415040625 0.44862945 0.167085696875 0.492148021875 0.2362611609375 0.4964054546875 0.250327425 0.468833890625
1 0.22363681249999998 0.39824989375 0.1936923140625 0.349585396875 0.15742915 0.35568326875 0.1325505609375 0.3889100203125 0.1622089484375 0.42118326250000004 0.1912951421875 0.42067556093749997 0.22363681249999998 0.39824989375
1 0.8535853156250001 0.44190773749999995 0.8975007171874999 0.4575374390625 0.9478301171875 0.423866440625 0.9615149109375001 0.37444039375 0.8778917125 0.3759000421875 0.8535853156250001 0.44190773749999995
1 0.5806141796875 0.43027621875 0.565308140625 0.386821103125 0.44561252656250006 0.4053066453125 0.4459939984375 0.427161128125 0.47182471875000004 0.44857139375 0.5519078953125 0.45263843125000003 0.5806141796875 0.43027621875
1 0.508194634375 0.2402549234375 0.46810536562499994 0.2354897890625 0.4179682484375 0.2800872203125 0.4224619359375 0.32919596093750003 0.49881436875 0.327863225 0.534599109375 0.2944461046875 0.5341222765625 0.2671283921875 0.508194634375 0.2402549234375
1 0.386877746875 0.1658577390625 0.4602623765625 0.2028341953125 0.55096715625 0.19031958437500002 0.5753689140625 0.12977511875 0.4480195 0.1265331171875 0.386877746875 0.1658577390625
1 0.7766736171875 0.2027761109375 0.6931442156250001 0.2096990171875 0.639751653125 0.27621597656249997 0.716867028125 0.31859220625 0.7641332656250001 0.31776717187500003 0.7893917640625 0.30639492968750004 0.8104442484375 0.26230517343750004 0.7766736171875 0.2027761109375
1 0.26287916875 0.146161 0.326321140625 0.030281448437500004 0.43491831875000003 0.001059840625 0.10405934218749999 0.00683500625 0.1563914890625 0.08790121875 0.23322075312499999 0.1138861953125 0.2447006875 0.14647830625 0.26287916875 0.146161