1 0.578002428125 0.45322256875000005 0.6465007984375 0.5045704546875001 0.64266984375 0.45677859062500004 0.59013805 0.43971020781250003 0.578002428125 0.45322256875000005
1 0.68689820625 0.53515303125 0.676557071875 0.5550660203125 0.74318039375 0.5883492312499999 0.75694264375 0.5579112734375 0.7463530890625 0.5428339921875 0.68689820625 0.53515303125
1 0.33114124375 0.37883056875 0.2998691203125 0.40358079843750005 0.4013501703125 0.42491597031249995 0.40468735625 0.40272789062500003 0.3853835953125 0.3906364671875 0.33114124375 0.37883056875
1 0.14643090625 0.4468197015625 0.1658155296875 0.4705736390625 0.2216860421875 0.465454240625 0.2443275875 0.455354515625 0.238868171875 0.4244894828125 0.17061668593749998 0.40813156875 0.14643090625 0.4468197015625
1 0.1066072328125 0.49788418593749995 0.1208632515625 0.537426171875 0.1541749140625 0.5540677781250001 0.197582359375 0.5158067203125001 0.172903109375 0.48451337499999997 0.1448848390625 0.4754093453125 0.1066072328125 0.49788418593749995
1 0.820555928125 0.66003811875 0.8245513734375001 0.7311571421874999 0.9051014359374999 0.7573295546875001 0.9064830125000001 0.7054127515624999 0.8677122328125 0.6579045781249999 0.820555928125 0.66003811875
1 0.42147331718750003 0.55364259375 0.41463415625 0.5746931265625 0.525076 0.6280339453125 0.5527637546874999 0.5904833578125 0.5315864796875001 0.560327559375 0.4528290703125 0.540557009375 0.42147331718750003 0.55364259375
1 0.36968187812500003 0.6415456609375 0.35078919375 0.6877729031250001 0.3861388578125 0.74580604375 0.42637360781250006 0.7530602265625 0.459438384375 0.734711859375 0.46798840156250004 0.70839730625 0.44322675624999996 0.66544115 0.36968187812500003 0.6415456609375
1 0.286862134375 0.7891883328125 0.334429515625 0.8453734578125 0.45871476875 0.8799372999999999 0.4530087671875 0.8140807609375 0.3688743359375 0.7751079890625 0.286862134375 0.7891883328125
1 0.6516461421875 0.7389792953125001 0.5644211109375 0.7571861109375 0.5964332921875 0.837408865625 0.6752727968750001 0.8688437625000001 0.7256036296875 0.8211937484374999 0.718269165625 0.772264040625 0.6971755203125001 0.7537728859375 0.6516461421875 0.7389792953125001
1 0 0.870534325 0.28459245312500003 0.9630034171874999 0.18807734843749999 0.9025518 0.1609484203125 0.771551321875 0.143437609375 0.7658602265625001 0.1226711125 0.7940246265625001 0.0405749828125 0.7964418578125 0 0.8306772171875 0 0.870534325