1 0.3557503453125 0.47401134999999994 0.4334276859375 0.4380271515625 0.4243666359375 0.42228692968750003 0.369434071875 0.42806035312499996 0.3557503453125 0.47401134999999994
1 0.23663173906249999 0.5032243937499999 0.24376484375000002 0.5358585406249999 0.3158522546875 0.5171544171875 0.309877240625 0.49552653125 0.25012462968750004 0.490678278125 0.23663173906249999 0.5032243937499999
1 0.6134538421875 0.42467013124999997 0.6121049421875 0.4470671890625 0.71580421875 0.4472973390625 0.6903613281250001 0.416586121875 0.63484971875 0.41685641406249996 0.6134538421875 0.42467013124999997
1 0.84128601875 0.47862175625000003 0.771124990625 0.48043192812499996 0.759367675 0.5094874093749999 0.7794145968749999 0.5240738734375 0.8329998218749999 0.540697534375 0.8568995656249999 0.5214929671874999 0.84128601875 0.47862175625000003
1 0.8524677265625 0.5497793046874999 0.8231688890625 0.5528590624999999 0.7925226875 0.57833746875 0.8270266562499999 0.6247873453125 0.8630703609375001 0.6154352828125 0.88523609375 0.5797213765625 0.8524677265625 0.5497793046874999
1 0.0596919046875 0.61641141875 0.0502491796875 0.6674809609375 0.13448058125 0.658627778125 0.1531751921875 0.5898935765625 0.107492953125 0.5780023125 0.0596919046875 0.61641141875
1 0.5377078562500001 0.549478128125 0.45656095625 0.552442059375 0.42957671093750005 0.577535878125 0.448852215625 0.620022503125 0.567970821875 0.590809459375 0.5656577640625 0.5687969890625 0.5377078562500001 0.549478128125
1 0.598041359375 0.665547209375 0.5211354625 0.673629684375 0.4879838328125 0.7104989109375001 0.49087590781249996 0.7380160765625 0.5194032984375 0.7628380406249999 0.5602670515625 0.7641076546875001 0.6069100109375001 0.7146922859375 0.598041359375 0.665547209375
1 0.48066329999999996 0.8169873687500001 0.4613896421875 0.880218440625 0.5901451921875001 0.8722502578125001 0.64835465625 0.8271827265624999 0.5710620875 0.796358778125 0.48066329999999996 0.8169873687500001
1 0.3019811 0.70222801875 0.25437088750000003 0.7072322437499999 0.22989366093750002 0.7209337062500001 0.212546415625 0.7672692624999999 0.251870403125 0.824342378125 0.335522759375 0.8099860640625 0.3835146453125 0.738172075 0.3019811 0.70222801875
1 0.8079521890624999 0.8660505703125001 0.7934951984375 0.8341840328125001 0.7751837953125 0.8361100609375001 0.72141116875 0.9586074437500001 0.614436553125 0.9976714281250001 0.947698609375 0.96264481875 0.88775175 0.8854837249999999 0.8079521890624999 0.8660505703125001