1 0.5723768015624999 0.5834491421875 0.6269140734375 0.5824977515625 0.6443303 0.5384708093749999 0.5648182125 0.5671855859375 0.5723768015624999 0.5834491421875
1 0.6913091437500001 0.521254309375 0.7496723875 0.5311670453125 0.764026021875 0.51998584375 0.7598168046875 0.48726662187500003 0.687291465625 0.49946341250000004 0.6913091437500001 0.521254309375
1 0.310216228125 0.5661637078124999 0.364848575 0.570675621875 0.3865690953125 0.5648312062499999 0.389823228125 0.542913790625 0.287830346875 0.5337634421875 0.310216228125 0.5661637078124999
1 0.180579640625 0.4317940921875 0.1554148375 0.448629315625 0.1670844625 0.49214846406249996 0.23626059375000003 0.4964057859375 0.2503276125 0.46883295468749997 0.231861225 0.45275995468749997 0.180579640625 0.4317940921875
1 0.1574288234375 0.35568379375000003 0.1325507984375 0.3889090953125 0.16220988281249998 0.421184559375 0.191295734375 0.42067676406250004 0.22363743593750002 0.3982501625 0.19369157343750001 0.349584621875 0.1574288234375 0.35568379375000003
1 0.8535858968750001 0.44190717656249995 0.8975005953125 0.45753625624999994 0.9478300374999999 0.4238673609375 0.961515365625 0.374439596875 0.8778920796874999 0.375900334375 0.8535858968750001 0.44190717656249995
1 0.4456111015625 0.4053070109375 0.44599295625 0.427160390625 0.471826065625 0.44857172968750003 0.5519084390625 0.4526383328125 0.5806141546875 0.4302757671875 0.5653069890625 0.3868204921875 0.4456111015625 0.4053070109375
1 0.468105459375 0.23548896875 0.4179675578125 0.2800861890625 0.42246200156249997 0.3291953234375 0.4988133140625 0.327862659375 0.534599134375 0.294446803125 0.5341223687500001 0.26712856406249996 0.5081957390625 0.240254084375 0.468105459375 0.23548896875
1 0.3868780140625 0.165857565625 0.46026180781250003 0.202833946875 0.5509667546875 0.1903200796875 0.5753680125 0.1297765421875 0.44802034218750003 0.12653325625 0.3868780140625 0.165857565625
1 0.6931448265625 0.209700403125 0.639752790625 0.2762150390625 0.716867484375 0.3185922421875 0.7641329453125 0.317767371875 0.789392821875 0.3063954515625 0.8104448734374999 0.262306025 0.7766730359375 0.202776359375 0.6931448265625 0.209700403125
1 0.10406048125 0.006834878125000001 0.15639222656250001 0.08790068437500001 0.23322030468750002 0.11388625625 0.24469977968749998 0.146478796875 0.2628795515625 0.1461601671875 0.3263209265625 0.030281803125 0.434918865625 0.00105923125 0.10406048125 0.006834878125000001