1 0.6412929421875 0.44569194218749997 0.588145246875 0.43342240624999995 0.577370446875 0.4477590453125 0.6491748671875001 0.49237782656249995 0.6412929421875 0.44569194218749997
1 0.6830871359375 0.539464946875 0.751491765625 0.566474075 0.7624117109374999 0.5353449921875 0.750696440625 0.5214238375 0.6915476 0.51898555625 0.6830871359375 0.539464946875
1 0.2994865765625 0.42286181875000006 0.4011531328125 0.43511694062500006 0.4025269984375 0.4130019 0.3824962453125 0.40276924843749995 0.32811966875 0.3958238625 0.2994865765625 0.42286181875000006
1 0.152264284375 0.47860482812500005 0.1733789359375 0.50030421875 0.2278989421875 0.49045854999999994 0.249303559375 0.4785761625 0.241276653125 0.44868116562499993 0.172727040625 0.438462928125 0.152264284375 0.47860482812500005
1 0.11748334687499999 0.5322663171875 0.1349097984375 0.569937996875 0.1691120328125 0.5834433375 0.20852164062499998 0.5420673515625001 0.18154943437499999 0.5134066078124999 0.1532047546875 0.5068626203125 0.11748334687499999 0.5322663171875
1 0.843832459375 0.6999559703125 0.9253246718750001 0.7187710468749999 0.9222150109375 0.667578059375 0.8799855437499999 0.62418083125 0.8337810187500001 0.630337996875 0.843832459375 0.6999559703125
1 0.4320289328125 0.5600191921875 0.42711185 0.5813156312500001 0.54034853125 0.62428435 0.564356059375 0.584961215625 0.540927071875 0.5571190734375 0.46174919531249997 0.5444467484375 0.4320289328125 0.5600191921875
1 0.4630498796875 0.6681290015625 0.388644103125 0.650951128125 0.3740375109375 0.6980526625000001 0.41380749687499996 0.7520995828125 0.4540124296875 0.7557738328125 0.4849600203125 0.734877075 0.4911061484375 0.70825493125 0.4630498796875 0.6681290015625
1 0.3715081203125 0.8544984203125001 0.49674725625000005 0.8778030781249999 0.48546693281250003 0.8135092546875 0.3993458859375 0.782410228125 0.31987788125 0.8033212375 0.3715081203125 0.8544984203125001
1 0.7204727125 0.7331667359375 0.674411615625 0.7225328484375 0.590171346875 0.7479509609375 0.6285674671875 0.8241129218750001 0.708830796875 0.8482521484375001 0.7542415515625 0.797044909375 0.7428162453125 0.7495419765625 0.7204727125 0.7331667359375
1 0.1767775109375 0.792716015625 0.15877251875 0.8222096140625 0.078220615625 0.8316538843749999 0.010177915625 0.9000678265625 0.332605425 0.9745065859375 0.2324563265625 0.9233438171874999 0.19449376406250002 0.7968074703125 0.1767775109375 0.792716015625