1 0.3553613625 0.5517796359375 0.40861846875 0.5650581234375001 0.419710775 0.5508218421875 0.34825065624999996 0.5046677890625 0.3553613625 0.5517796359375
1 0.2466060625 0.42832084375 0.235073475 0.45944925468750003 0.24661579374999998 0.47366060781249997 0.3060839625 0.47715415781250003 0.3149557859375 0.4566974828125 0.2466060625 0.42832084375
1 0.5967888734375 0.5666353265625 0.5950180234375 0.5888640828125 0.6149903703125 0.5995105140625 0.6695791859375 0.60745426875 0.6988636359375 0.58075189375 0.5967888734375 0.5666353265625
1 0.7720766578125 0.5139980390625001 0.7503338390625001 0.52557885 0.7578836859375 0.555796671875 0.8266736890624999 0.56728118125 0.8479680125 0.527253115625 0.8271057515625 0.505049665625 0.7720766578125 0.5139980390625001
1 0.8328574468750001 0.42147581250000005 0.7924810671875 0.462412953125 0.8191144875 0.49172207968750004 0.847518378125 0.49880396562499996 0.8839053187499999 0.47387404999999994 0.8670324968750001 0.435663375 0.8328574468750001 0.42147581250000005
1 0.0743815296875 0.27203710000000003 0.07661174531250001 0.32359725781250004 0.11833778125000001 0.36800453593750004 0.16493533124999998 0.36262070625 0.15604404375 0.2923978515625 0.0743815296875 0.27203710000000003
1 0.4600598515625 0.3738642703125 0.43521636875 0.41300743281249996 0.45829911250000005 0.44143127499999996 0.5377411421875 0.45557163437500003 0.56791550625 0.440426278125 0.573236653125 0.4190843203125 0.4600598515625 0.3738642703125
1 0.5386037531250001 0.3311082234375 0.613164915625 0.349698409375 0.6286880781249999 0.302564665625 0.5896224265625001 0.2474871671875 0.549236315625 0.24308454375 0.5177317609375 0.263565009375 0.5110800421875 0.29024359375 0.5386037531250001 0.3311082234375
1 0.5083822437500001 0.11955513437500001 0.518602209375 0.1844425 0.6047056890625 0.21724403906249998 0.6850282796875 0.1976001359375 0.6339819234374999 0.1452022765625 0.5083822437500001 0.11955513437500001
1 0.28074370000000004 0.2611497265625 0.3269009703125 0.2726580265625 0.412104428125 0.248564296875 0.37481076406249997 0.1712599359375 0.2944788203125 0.1455625578125 0.24789100312499998 0.1962861515625 0.25855124687500003 0.2442813875 0.28074370000000004 0.2611497265625
1 0.847453284375 0.181426371875 0.9286661640625 0.1733379734375 0.9956724796875 0.108278215625 0.686651484375 0.031230626562500002 0.7750946562500001 0.07837742812500001 0.811067859375 0.2063566640625 0.8288212390625 0.2107830796875 0.847453284375 0.181426371875