1 0.3538550265625 0.469134996875 0.43175427343750006 0.436299159375 0.42335498281249995 0.42045271250000005 0.368942540625 0.4242576015625 0.3538550265625 0.469134996875
1 0.30784031562499997 0.48878644062500004 0.24903848437499998 0.48194345624999996 0.23529091093750001 0.49385959062499996 0.24120513125 0.5263135906249999 0.3129921203125 0.5103373796875 0.30784031562499997 0.48878644062500004
1 0.6860606796875001 0.42399372812499997 0.6312670828125 0.4223478640625 0.6098826359375 0.429320615625 0.6077802796875 0.45137881406249997 0.7101118625 0.45517946875000004 0.6860606796875001 0.42399372812499997
1 0.750961515625 0.51805654375 0.77024360625 0.533141990625 0.8225521328125 0.551395409375 0.8468012437500001 0.5332659640624999 0.832868996875 0.490417828125 0.76356551875 0.48978659375 0.750961515625 0.51805654375
1 0.78130963125 0.5871469296875 0.81375999375 0.6341775593750001 0.849654321875 0.626190178125 0.8727598625 0.5917069171875 0.8414530703124999 0.5610301046874999 0.8124333078125 0.5630593640625 0.78130963125 0.5871469296875
1 0.149939575 0.576517875 0.10526636250000002 0.5632079484375 0.056768140625 0.5994668375 0.0456888609375 0.64954135625 0.129121065625 0.6437072078125 0.149939575 0.576517875
1 0.42314535937500003 0.573847246875 0.44070468749999997 0.6164417531249999 0.5592688046875 0.5917171609375 0.5577440796875 0.5699125921875 0.530828234375 0.5498835453125 0.45064195625 0.5500133109374999 0.42314535937500003 0.573847246875
1 0.505410603125 0.7598179796875 0.5456943187500001 0.762478471875 0.593428675 0.7153181875 0.5863709921875 0.666511928125 0.51019295 0.6718388171874999 0.47620616718750003 0.7070829671875 0.4781120453125 0.7343382875 0.505410603125 0.7598179796875
1 0.630454878125 0.82776396875 0.5552356203125 0.7946788437500001 0.4653101125 0.8119234234375 0.44411045 0.8736620046875 0.5714550093749999 0.8702346109375 0.630454878125 0.82776396875
1 0.2392610515625 0.8112965328125 0.3223136609375 0.8000115234375 0.3721518234375 0.730791371875 0.29292433125 0.6925091234375 0.24576604999999999 0.6958067515625 0.22113734375 0.7084853359375 0.20242119062500002 0.7536164703125 0.2392610515625 0.8112965328125
1 0.75531436875 0.8409441296875 0.6980240078125 0.95998516875 0.591105 0.9948502671874999 0.9212082953125 0.9717671953125 0.8647051921875001 0.8935509343750001 0.7866212703125 0.8716225015625 0.7734513296875 0.8396758703125 0.75531436875 0.8409441296875