1 0.3568981046875 0.5493438546875 0.40958482968750004 0.5634612203125 0.4208534453125 0.549508578125 0.3506508015625 0.50241215 0.3568981046875 0.5493438546875
1 0.2389827171875 0.45551871874999994 0.250204003125 0.46983907968749994 0.3092311828125 0.47434173749999997 0.318400446875 0.4541697625 0.25098079218749997 0.424789475 0.2389827171875 0.45551871874999994
1 0.5943775203125 0.5903474 0.6140386109375 0.6012723875 0.668139540625 0.6101118734375001 0.6976993546875 0.584088284375 0.5965226921875 0.568293325 0.5943775203125 0.5903474
1 0.75677426875 0.5603164281249999 0.824924890625 0.5729205187499999 0.8467769734375 0.533518021875 0.8264326484375 0.5110947171875 0.771602259375 0.51903183125 0.749795996875 0.5301609203125001 0.75677426875 0.5603164281249999
1 0.8187253218749999 0.4977143 0.8468247078125 0.5052435078124999 0.88340971875 0.48110393125 0.8673084078125 0.44284548125 0.833597625 0.428155890625 0.7927695984375001 0.4681306125 0.8187253218749999 0.4977143
1 0.083890725 0.317788021875 0.1245793765625 0.36263463125 0.17097147031249998 0.358093296875 0.163355784375 0.28816606093749997 0.082569671875 0.2665194875 0.083890725 0.317788021875
1 0.4610917921875 0.441487615625 0.5397800609375001 0.4569152609375 0.5700231109375 0.4423899890625 0.575680328125 0.4212769625 0.46401224374999994 0.37438353125 0.43864811406250004 0.412844978125 0.4610917921875 0.441487615625
1 0.5949380390625 0.251062884375 0.5548868031249999 0.2459880015625 0.5232280406250001 0.2657907484375 0.5161566203125 0.292181653125 0.5427940687499999 0.333263253125 0.6165560890624999 0.35302772656250003 0.6327967734375 0.30646484687500003 0.5949380390625 0.251062884375
1 0.525465259375 0.1871883453125 0.6104481609375 0.221274690625 0.6905983671875 0.2031499421875 0.6407862734374999 0.1502019 0.5164353703125 0.1225389890625 0.525465259375 0.1871883453125
1 0.38282315625 0.17159638125 0.3034497390625 0.144671525 0.25628085624999997 0.194262465625 0.2660417140625 0.2421356234375 0.2877987328125 0.2592806453125 0.3334613671875 0.2715159109375 0.4185378234375 0.24905433437500002 0.38282315625 0.17159638125
1 1 0.11633650625 0.6838530265625 0.0316251796875 0.7821550562499999 0.086250815625 0.81567873125 0.2140362515625 0.8332404703125 0.21874190625 0.8522641468750001 0.1898951671875 0.9330975890625 0.18326873593749998 1 0.1205402234375 1 0.11633650625