1 0.4308831796875 0.5652080078124999 0.351929375 0.53353716875 0.3678988015625 0.5784266515625001 0.42271107968750005 0.581299240625 0.4308831796875 0.5652080078124999
1 0.305287553125 0.514574825 0.310093059375 0.49280117343749996 0.23758459375 0.47798763437499997 0.232203475 0.51074465 0.24624538281250002 0.5224925218750001 0.305287553125 0.514574825
1 0.6869667796875001 0.573122796875 0.7106181390625 0.541323284375 0.6077252093750001 0.5469428609375 0.6102283421875 0.56910110625 0.631865175 0.575741028125 0.6869667796875001 0.573122796875
1 0.8467749984375 0.460356971875 0.82205941875 0.44254216875 0.7697487953125 0.4618261828125 0.750615175 0.477342946875 0.76379214375 0.505565003125 0.833509628125 0.5037127578125 0.8467749984375 0.460356971875
1 0.8718668296875001 0.40110146875 0.84801306875 0.3668123171875 0.811758796875 0.359406328125 0.7799354203125 0.4072955140625 0.8116719531250001 0.430984253125 0.8409052718750001 0.43251630625 0.8718668296875001 0.40110146875
1 0.1448782078125 0.429078103125 0.122751125 0.361841978125 0.0387039671875 0.35743725312499997 0.050731349999999995 0.40762456093750005 0.10016406874999999 0.44325424843750005 0.1448782078125 0.429078103125
1 0.5553005046874999 0.4285619265625 0.55645165 0.4065967578125 0.4367258328125 0.3838026796875 0.41980766249999996 0.42696703124999996 0.4478898359375 0.450464253125 0.5285704 0.449186559375 0.5553005046874999 0.4285619265625
1 0.47229205468749996 0.26452560625 0.4708530609375 0.2919832375 0.5056684234375 0.326845296875 0.5824068609374999 0.3308669890625 0.5886512781250001 0.281637265625 0.539794090625 0.2350257734375 0.4993099265625 0.23841007187500002 0.47229205468749996 0.26452560625
1 0.6239281734375 0.1678510140625 0.5638217015625 0.12615595468750002 0.43563593593750005 0.124945571875 0.4580492234375 0.1866907109375 0.5488295703125 0.20246027500000002 0.6239281734375 0.1678510140625
1 0.1945716203125 0.2499708953125 0.214193928125 0.29505025156250003 0.239197275 0.307374153125 0.28670239375 0.309863790625 0.36574312343750004 0.26995514374999996 0.31438428125 0.20118704843750002 0.23062497187500003 0.1912898609375 0.1945716203125 0.2499708953125
1 0.7802828734375 0.12098225468749998 0.8584603062499999 0.0975463140625 0.911821540625 0.0208964796875 0.5937767578125001 0.004228459375 0.6895910125 0.0336332875 0.7493228765625 0.1523971734375 0.7675946765624999 0.15335475781250002 0.7802828734375 0.12098225468749998