1 0.6493693421875 0.49980451718749996 0.57999849375 0.5481201046875 0.5915088500000001 0.5618731859375 0.6439415703125 0.5468389296875 0.6493693421875 0.49980451718749996
1 0.760202271875 0.4509698796875 0.7476681203125 0.42045496406250005 0.680770784375 0.451007096875 0.6902914625000001 0.47101563593750007 0.7492316328124999 0.465485084375 0.760202271875 0.4509698796875
1 0.407213709375 0.591980215625 0.40468431562499996 0.569967384375 0.3037984734375 0.587526528125 0.33380738125 0.6130288890625 0.3877459453125 0.603247171875 0.407213709375 0.591980215625
1 0.1763961578125 0.5785808796875 0.24431704375000002 0.5647890375 0.2507683671875 0.534514915625 0.22877120781250002 0.5237690421875 0.1738106375 0.5167902234375 0.15386058125 0.5395649328125 0.1763961578125 0.5785808796875
1 0.1533208640625 0.5112966453125 0.18128421249999999 0.50327818125 0.206719465625 0.4732450984375 0.16519841562499998 0.43398835625 0.13174987031250002 0.4492651953125 0.116318884375 0.48779727656249994 0.1533208640625 0.5112966453125
1 0.912866021875 0.310554575 0.9132921875 0.259268996875 0.8328963625 0.28232326093750004 0.8265022203125 0.352371878125 0.8729656640625001 0.3561024484375 0.912866021875 0.310554575
1 0.45947545312500004 0.45761605625 0.5378816015625 0.44081724843750003 0.559821334375 0.41178708437499995 0.5337886953125001 0.3737742984375 0.422956009375 0.4226104796875 0.42898092343750005 0.44362039218750005 0.45947545312500004 0.45761605625
1 0.3808965421875 0.3550836625 0.45430132656250005 0.33403523281249997 0.480219115625 0.2924959421875 0.472688115625 0.26623194687499996 0.44068928593749995 0.24698349999999997 0.400731746875 0.252756878125 0.36384486250000003 0.308811128125 0.3808965421875 0.3550836625
1 0.46907904375 0.18768100000000001 0.476979028125 0.12288492343749999 0.3531312 0.152712153125 0.3042501265625 0.2065213171875 0.3847036203125 0.223244634375 0.46907904375 0.18768100000000001
1 0.662526121875 0.26864412656250003 0.7079675578125 0.2556141609375 0.7294234562499999 0.2380919921875 0.7383469921875 0.19005620625 0.6903184921875 0.141295759375 0.6114285109375001 0.1696025625 0.5770710203125 0.24766964374999997 0.662526121875 0.26864412656250003
1 0 0.1352495171875 0.06144122656249999 0.1908748640625 0.1423770109375 0.19609042968749998 0.161900903125 0.2246012984375 0.179378746875 0.2195882546875 0.2106668828125 0.0912385140625 0.308001078125 0.0349044640625 0 0.12322284531250001 0 0.1352495171875