1 0.641962140625 0.5538182359375 0.5593689796875 0.5741926109375 0.5652220828125001 0.59126458125 0.6199007187500001 0.5960483421875 0.641962140625 0.5538182359375
1 0.748154740625 0.55758944375 0.76369498125 0.5479101578125001 0.7629251265625 0.5147230234375 0.6890606625 0.51930116875 0.6907890953125 0.5415317187500001 0.748154740625 0.55758944375
1 0.3588770140625 0.5566518359375 0.381227378125 0.5530877984375 0.38678998125 0.5314935640625 0.28568049218749997 0.5116087484375 0.3046760421875 0.546390425 0.3588770140625 0.5566518359375
1 0.18907142500000002 0.3982793359375 0.162117034375 0.41248102343750004 0.1692193484375 0.45726105781250004 0.238000565625 0.46879807500000004 0.254977046875 0.442684553125 0.23818915000000002 0.4246559109375 0.18907142500000002 0.3982793359375
1 0.1739099125 0.31967443281249996 0.1455161671875 0.3503100828125 0.171804309375 0.38572820937499996 0.20096635156249998 0.3882795578125 0.2356908640625 0.369238228125 0.2108420765625 0.3173861375 0.1739099125 0.31967443281249996
1 0.9038422374999999 0.4994529 0.957752575 0.47104966406250004 0.97664763125 0.42302466406250006 0.89280539375 0.41568941875 0.861536190625 0.4791917109375 0.9038422374999999 0.4994529
1 0.4570969515625 0.3996492 0.455179934375 0.4215608140625 0.47877950937499997 0.44570484062500004 0.558497075 0.4581986640625 0.5895761359375 0.43883839843750005 0.578829928125 0.393739565625 0.4570969515625 0.3996492
1 0.4419338828125 0.3210441609375 0.51848521875 0.327741534375 0.5578136203125 0.2980641125 0.5602099953125 0.270673428125 0.537089640625 0.2410518875 0.4974704671875 0.2320662171875 0.4426016890625 0.271424484375 0.4419338828125 0.3210441609375
1 0.4930551625 0.1985601484375 0.5851467390625 0.19557823593749998 0.6159351656250001 0.137553321875 0.48882844218750005 0.120911915625 0.423504090625 0.153835996875 0.4930551625 0.1985601484375
1 0.7376836546875001 0.341399471875 0.7850729484375 0.34554549843750004 0.81154811875 0.3368213265625 0.837253296875 0.294911575 0.8097176375 0.23178396562499998 0.72539604375 0.229927790625 0.6649663546875 0.2908788703125 0.7376836546875001 0.341399471875
1 0.1749363328125 0 0.20103893281250002 0.051574932812499995 0.2751938953125 0.0856629921875 0.2832532296875 0.11948630468749999 0.3014804796875 0.12108098281249999 0.37715977500000003 0.0117859671875 0.451064603125 0 0.1749363328125 0