1 0.41214858281250005 0.430248496875 0.35826952031250003 0.440721525 0.348702915625 0.48739666093749995 0.42248061875 0.44504579375000003 0.41214858281250005 0.430248496875
1 0.312943103125 0.53355870625 0.3051540578125 0.5126657515625 0.2455845515625 0.513042190625 0.2333142859375 0.5266299890624999 0.2432019328125 0.5583193093750001 0.312943103125 0.53355870625
1 0.702817328125 0.42976649218749996 0.67497050625 0.40156808125000004 0.6200407578125 0.40664399375000004 0.5995385921875 0.4162305609375 0.6001436515624999 0.43852153281249995 0.702817328125 0.42976649218749996
1 0.7513294578124999 0.48755766562499997 0.7724363859375 0.5002605359375 0.82692174375 0.512076646875 0.8489174515625001 0.4909954734375 0.82974721875 0.44990780468749997 0.7604504375000001 0.45777638437499996 0.7513294578124999 0.48755766562499997
1 0.790113078125 0.5528428109375 0.8282916390624999 0.595836984375 0.8631623734374999 0.5834574515625001 0.8820118625 0.546182196875 0.8469795203125001 0.519382103125 0.81824391875 0.5249677375 0.790113078125 0.5528428109375
1 0.145650365625 0.6893163718750001 0.15820465 0.619655090625 0.11195272812499998 0.6118399125 0.06795977812500001 0.6540025593750001 0.06303416875 0.705375334375 0.145650365625 0.6893163718750001
1 0.4307523125 0.583482834375 0.45351315468750003 0.623872559375 0.5689014859375 0.584637696875 0.5647045828125 0.5630465 0.5353642187500001 0.546342696875 0.4552910109375 0.5563060015625 0.4307523125 0.583482834375
1 0.5762841015625 0.7568572484375 0.6181787484375 0.7038997703125001 0.6051436484375 0.6560182015625 0.529711734375 0.67068068125 0.5000870546875 0.7100488281249999 0.5053334078125 0.7370389734375 0.5357229234374999 0.7591401921875 0.5762841015625 0.7568572484375
1 0.615229628125 0.86132355625 0.6689483187499999 0.8116690671875 0.589763890625 0.7878483265625 0.5020617109375001 0.8160986031249999 0.4884598109375 0.880362171875 0.615229628125 0.86132355625
1 0.35777740625 0.8217376390625001 0.3990657578125 0.7464910203125 0.3152400375 0.71797110625 0.268543725 0.72704795 0.24549886562499998 0.7427317078125 0.2323413546875 0.7901032531250001 0.2762106578125 0.8431955515625 0.35777740625 0.8217376390625001
1 0.795273446875 0.8095209421874999 0.752651628125 0.9354420937500001 0.6618621921875001 0.9778955249999999 0.97449204375 0.9171264375 0.9109825218750001 0.8486490015625 0.8303042546875 0.8363213343749999 0.8132341578125001 0.8060297328124999 0.795273446875 0.8095209421874999