1 0.6119070890625 0.4159799984375 0.555919365625 0.41989584375 0.549631225 0.4372441 0.6337066109375 0.4595474734375 0.6119070890625 0.4159799984375
1 0.7566760890625 0.5016749796875 0.7580552578125 0.46776059375 0.7423407953125001 0.45758618437500004 0.6834046609375 0.47298018593749996 0.6812425546875 0.495676925 0.7566760890625 0.5016749796875
1 0.3724327390625 0.47781621406249997 0.367130915625 0.455642328125 0.34434384218749997 0.45159882968750004 0.28874926875 0.461123965625 0.2687072265625 0.49634209843750005 0.3724327390625 0.47781621406249997
1 0.21860455 0.584391734375 0.23608950156250003 0.5662598140624999 0.21919895 0.5392584671875 0.148672853125 0.5498268390625001 0.14061422343750002 0.5954814265625 0.16791865 0.6104814640625 0.21860455 0.584391734375
1 0.18873185625 0.6935710828125 0.215061740625 0.6410031578125001 0.17990023125000001 0.6209166828125 0.15004054687499999 0.62300409375 0.12253304062499999 0.658745378125 0.1510135546875 0.690572353125 0.18873185625 0.6935710828125
1 0.97353889375 0.599238115625 0.9550791015625 0.549800540625 0.9004720796875001 0.5198017 0.856858790625 0.5397605203125 0.8876927203125 0.6052395374999999 0.97353889375 0.599238115625
1 0.5663069234375 0.6220768765625 0.578098434375 0.5761614796875001 0.54666980625 0.5558141953125 0.46494843125 0.5671659328125 0.44038903593749995 0.5914275265625 0.4419582765625 0.61386375625 0.5663069234375 0.6220768765625
1 0.480243425 0.7859133921875 0.520908603125 0.7774342625 0.5450745484375 0.7475618421875 0.5431139875000001 0.71951755625 0.5034366593749999 0.6884742453125 0.42505471562499997 0.693954346875 0.4248516359375 0.7446956703125001 0.480243425 0.7859133921875
1 0.59967009375 0.8846523218750001 0.5692290171875001 0.8247810609374999 0.47513290937499997 0.8200882875 0.4032276421875 0.8645710453125 0.4694264578125 0.89939675 0.59967009375 0.8846523218750001
1 0.7132265546875 0.79216675625 0.79946558125 0.7917730921875 0.828743578125 0.7277254765625 0.803211471875 0.6844203453125 0.7763001968750001 0.6750295984375 0.7277779375 0.678422290625 0.652532940625 0.7287751484375 0.7132265546875 0.79216675625
1 0.34733095 1 0.2778929765625 0.8958816031250001 0.25923010468749996 0.89718535 0.2503854703125 0.9316228890625 0.173964384375 0.965148809375 0.155555103125 1 0.34733095 1