1 0.42000150625000005 0.5481201046875 0.35063065781249997 0.49980451718749996 0.3560584296875 0.5468389296875 0.40849114999999997 0.5618731859375 0.42000150625000005 0.5481201046875
1 0.2507683671875 0.465485084375 0.3097085375 0.47101563593750007 0.319229215625 0.451007096875 0.2523318796875 0.42045496406250005 0.23979772812500003 0.4509698796875 0.2507683671875 0.465485084375
1 0.6122540546875 0.603247171875 0.66619261875 0.6130288890625 0.6962015265625 0.587526528125 0.595315684375 0.569967384375 0.592786290625 0.591980215625 0.6122540546875 0.603247171875
1 0.75568295625 0.5647890375 0.8236038421874999 0.5785808796875 0.84613941875 0.5395649328125 0.8261893625000001 0.5167902234375 0.7712287921875001 0.5237690421875 0.7492316328124999 0.534514915625 0.75568295625 0.5647890375
1 0.8187157875000001 0.50327818125 0.8466791359375 0.5112966453125 0.8836811156250001 0.48779727656249994 0.8682501296874999 0.4492651953125 0.834801584375 0.43398835625 0.793280534375 0.4732450984375 0.8187157875000001 0.50327818125
1 0.1270343359375 0.3561024484375 0.1734977796875 0.352371878125 0.16710363749999999 0.28232326093750004 0.08670781250000001 0.259268996875 0.087133978125 0.310554575 0.1270343359375 0.3561024484375
1 0.4621183984375 0.44081724843750003 0.540524546875 0.45761605625 0.5710190765625 0.44362039218750005 0.577043990625 0.4226104796875 0.46621130468749994 0.3737742984375 0.44017866562499997 0.41178708437499995 0.4621183984375 0.44081724843750003
1 0.527311884375 0.26623194687499996 0.519780884375 0.2924959421875 0.5456986734375 0.33403523281249997 0.6191034578125 0.3550836625 0.6361551375000001 0.308811128125 0.599268253125 0.252756878125 0.5593107140625 0.24698349999999997 0.527311884375 0.26623194687499996
1 0.6152963796875001 0.223244634375 0.6957498734375 0.2065213171875 0.6468688 0.152712153125 0.5230209718750001 0.12288492343749999 0.53092095625 0.18768100000000001 0.6152963796875001 0.223244634375
1 0.2616530078125 0.19005620625 0.27057654375 0.2380919921875 0.2920324421875 0.2556141609375 0.337473878125 0.26864412656250003 0.42292897968750004 0.24766964374999997 0.3885714890625 0.1696025625 0.30968150781250003 0.141295759375 0.2616530078125 0.19005620625
1 1 0.12322284531250001 0.691998921875 0.0349044640625 0.7893331171875 0.0912385140625 0.8206212531249999 0.2195882546875 0.838099096875 0.2246012984375 0.8576229890624999 0.19609042968749998 0.9385587734374999 0.1908748640625 1 0.1352495171875 1 0.12322284531250001