1 0.4299718640625 0.41720031874999997 0.37477037968750004 0.4191277765625 0.35791460625 0.46401231093749995 0.4379128609375 0.4335342640625 0.4299718640625 0.41720031874999997
1 0.3151041984375 0.50426713125 0.3106524234375 0.48227513593750004 0.2513835640625 0.47327056093750003 0.23704836875000002 0.48484489843749995 0.2418876546875 0.51789713125 0.3151041984375 0.50426713125
1 0.7189548828125 0.4624794609375 0.695716275 0.43006824843749997 0.6403210359375 0.4264655890625 0.6184322203125 0.43276777187500004 0.6155242656250001 0.4550161765625 0.7189548828125 0.4624794609375
1 0.7580740593749999 0.5275568734375 0.7770546484375 0.5435062078125 0.8293497359374999 0.563827290625 0.8545309031249999 0.5463366671875 0.8419459343750001 0.5024807421874999 0.77182954375 0.49939231875 0.7580740593749999 0.5275568734375
1 0.786345571875 0.59855199375 0.8175253093749999 0.6472955953125 0.8541335812499999 0.640480596875 0.8787365953125 0.606399890625 0.8481367046875 0.57424495 0.8186944046875 0.5752734234375 0.786345571875 0.59855199375
1 0.124305653125 0.6327440234374999 0.14774938124999998 0.565481325 0.103007915625 0.5504323953125 0.0526440234375 0.58541350625 0.03966186875 0.6356999546875 0.124305653125 0.6327440234374999
1 0.4243396296875 0.572434525 0.44060446249999996 0.6161622453125 0.5614707 0.5953296578125 0.5606987906249999 0.5732094578125 0.53416458125 0.55198796875 0.45300859843749997 0.5492841578125 0.4243396296875 0.572434525
1 0.473329440625 0.7091479406250001 0.4742949703125 0.736799815625 0.501021378125 0.7635512859375 0.5416970265625001 0.76766831875 0.59167340625 0.7216269718749999 0.586254546875 0.6719829640625 0.5089721843749999 0.6746810671875 0.473329440625 0.7091479406250001
1 0.5639587374999999 0.8776316859375 0.625170159375 0.8367344250000001 0.5502160390624999 0.8005939046874999 0.45859848281250004 0.81486634375 0.4349609984375 0.876598925 0.5639587374999999 0.8776316859375
1 0.21514007031250001 0.7015538578125 0.1946028765625 0.746566459375 0.2298498546875 0.8062436500000001 0.3142998828125 0.7977576015625 0.367184353125 0.7294662921875 0.28835675 0.6879223015625 0.24051343749999998 0.689593215625 0.21514007031250001 0.7015538578125
1 0.7066459218750001 1 0.914335565625 0.992747715625 0.8599172218750001 0.9115928999999999 0.7816676359375 0.8866405484375001 0.7694687578125 0.8538431671875 0.7510676078125 0.8544871640625 0.688880984375 0.9729351609375 0.5948707234375 1 0.7066459218750001 1