1 0.61275565625 0.402486225 0.5578231375 0.40826008593749996 0.55223266875 0.4255402453125 0.6356941109375 0.44458807499999997 0.61275565625 0.402486225
1 0.7580912125 0.48180066093749996 0.7582834218750001 0.4483965921875 0.7424769 0.43892997031250003 0.685038034375 0.45609554374999994 0.683690278125 0.47849308281249997 0.7580912125 0.48180066093749996
1 0.37933947031250004 0.47153182656250003 0.3733634359375 0.44990465 0.350810546875 0.44671013437499996 0.29645580312500003 0.45798726093750003 0.277954121875 0.4933172375 0.37933947031250004 0.47153182656250003
1 0.231696521875 0.5816413625 0.248272675 0.563205659375 0.230731309375 0.5372295921875 0.1617271125 0.5500462749999999 0.155368184375 0.5952268859375 0.18273851562500001 0.6090427515625 0.231696521875 0.5816413625
1 0.206064409375 0.6900531078125 0.2301569109375 0.63744449375 0.1948831421875 0.61889455625 0.1655842390625 0.6219736671875 0.1397572453125 0.6580743609375 0.1688639421875 0.6883993171875 0.206064409375 0.6900531078125
1 0.9747439359375001 0.5703126468749999 0.9548896015624999 0.5223223499999999 0.9001474187499999 0.494690971875 0.857935778125 0.515820253125 0.8905125125 0.5791656203125 0.9747439359375001 0.5703126468749999
1 0.5749841640625 0.6067655015625 0.5850049859374999 0.5611997078125001 0.5533931140624999 0.5422645890625 0.4734032328125 0.5562368171875 0.45008071406249994 0.5809446265625 0.45239485312500005 0.602956984375 0.5749841640625 0.6067655015625
1 0.49596099687499995 0.77086649375 0.5356678109375 0.7611285718749999 0.558411034375 0.7309178484375 0.5555187703125 0.703400703125 0.5154260390625 0.67422976875 0.4385202796875 0.68231355 0.440063265625 0.7322285859375001 0.49596099687499995 0.77086649375
1 0.6168184875 0.8638822109375001 0.5848195265625 0.806040109375 0.49210724531250005 0.8046572671875 0.42291236249999997 0.8508776671874999 0.489219878125 0.8828579359375001 0.6168184875 0.8638822109375001
1 0.7253327453125 0.7690153828125 0.8101419421875 0.7656656749999999 0.8367404390625 0.7016638265624999 0.8101385671875001 0.659947509375 0.7833475328125 0.6516345578125 0.73573728125 0.6566384078125 0.6634586296875 0.7087487765625 0.7253327453125 0.7690153828125
1 0.4167674671875 1 0.3787770453125 0.994619740625 0.3007108421875 0.8859791781249999 0.28239914375 0.8879023921875 0.27488349843750004 0.9220783484374999 0.200868128125 0.957678103125 0.1803689765625 1 0.4167674671875 1