1 0.566379340625 0.58829503125 0.6208499 0.5911497125 0.6412941328125 0.54844553125 0.559973853125 0.5715430859375 0.566379340625 0.58829503125
1 0.7600726703125 0.5054217078125001 0.6868737609375 0.5125302015625001 0.6893607671875001 0.5345483484375 0.746890346875 0.5485064687500001 0.761987659375 0.5383545640625 0.7600726703125 0.5054217078125001
1 0.387097665625 0.5351236593750001 0.28599203125 0.51888025 0.306063353125 0.5527646390625 0.360247946875 0.5610758953125 0.38232276249999997 0.5567612265624999 0.387097665625 0.5351236593750001
1 0.1684443859375 0.468944221875 0.2371543578125 0.4780167203125 0.253109653125 0.45149353124999997 0.2358097421875 0.4341706328125 0.18611564687499998 0.40967846718749995 0.15983786093750002 0.4247175546875 0.1684443859375 0.468944221875
1 0.16852976875 0.39781214375 0.197580525 0.3993346296875 0.231407746875 0.3792196296875 0.20493085625 0.32858485625 0.1683306625 0.33213828125 0.14119489375 0.363548653125 0.16852976875 0.39781214375
1 0.9691492796875 0.40693990312499995 0.8856279625000001 0.4025627359375 0.8567763109375001 0.46671411249999994 0.8994944640625 0.4853691234375 0.9520500343749999 0.4552909484375 0.9691492796875 0.40693990312499995
1 0.4754808296875 0.4467312625 0.5550852265625 0.45637471406249996 0.5852814937499999 0.4360694234375 0.5730440140625 0.3916524671875 0.45235048750000006 0.401743434375 0.45120653749999995 0.4235712921875 0.4754808296875 0.4467312625
1 0.5488535421875 0.2973603359375 0.550283459375 0.2700759046875 0.5262935734374999 0.241459278125 0.4866343578125 0.233909265625 0.43350841406249996 0.2749006703125 0.434565503125 0.32420325 0.5108249109375 0.3281998359375 0.5488535421875 0.2973603359375
1 0.6010109015625 0.1359344375 0.4741978546875 0.1238168859375 0.41046189218749995 0.1587806828125 0.4810884140625 0.20078611875000002 0.5724452171875 0.19462923906250001 0.6010109015625 0.1359344375
1 0.8021920265625001 0.3270534921875 0.826268775 0.2845396828125 0.79673294375 0.222799909375 0.7129241000000001 0.223879234375 0.655021609375 0.2865096859375 0.72899311875 0.3341619859375 0.77620176875 0.3366360859375 0.8021920265625001 0.3270534921875
1 0.150210859375 0 0.185975059375 0.0649361515625 0.26080455156250004 0.0962171703125 0.2699830109375 0.12953068750000002 0.28813934375 0.130482221875 0.3595101234375 0.019310434374999998 0.45829602812500003 0 0.150210859375 0